12;1234;642765;BQVfLViEDe;1
20;145;7323604;qgyxhArHwe;0
20;145;2578089;lUymVyUxWJ;1
20;789;1217214;stMVuSmrYf;1
77;789;1144346;RrejwKzoNx;1
10;789;4259594;vdhVsMBipd;1
12;1234;6366012;lvuuUrzqox;1
20;145;4944153;MtBUbZrGCv;1
77;333;2581554;zDbYTNzpWF;0
12;678;97756;JMZQnAAJWa;0
20;1234;6715951;bfPzFvwYlu;0
77;678;3449879;fYOxdayeuo;0
10;333;9290530;HfCuIqxqvu;1
10;1234;4115099;bPVtLCOCcC;0
77;789;3224855;SRsdTBksEu;1
15;1234;4157829;WhQBXNbluo;0
20;1234;2454050;hUqtdAgGXR;0
10;333;8734146;STXzYkqtar;0
20;145;9661469;vlcimyaljT;0
20;145;3220490;TtttlHisUf;0
77;789;3206348;ghdIspHdWg;0
12;145;5032484;vtuCTUFRnJ;0
20;678;2813613;UeMKcmaiIn;0
12;333;6660927;nbrlrFVdcP;1
15;789;1378040;QaAaghysSe;0
77;1234;2459264;cPgxzUAZKC;1
12;789;5607719;UikAMxvDNQ;1
77;678;1026149;wydFhljTTB;1
77;333;8604047;yGpwYShhgH;1
10;678;5107267;nBihYhuVkL;0
77;145;6319165;vsQGcvZHga;1
12;145;5319136;UCnezzVKoo;0
15;1234;6111042;YgApJHGaFD;1
10;789;5237250;DvSwXYgQPI;0
20;145;3292248;JAHuSGGBHx;0
20;678;6258447;vwCMLGHBni;0
77;145;4637644;QKItxHiapy;1
12;333;8808986;cdFwscNrJi;1
10;333;1114385;gHjdEhLxWA;0
10;678;6570131;aJYiDinufh;0
15;1234;9195542;ZdsOQMbMfy;1
77;678;5834696;MWbPoStiDq;0
12;145;4922646;kiuRUTOCvg;1
77;789;4542427;UvUdlXvYUz;1
20;1234;5170352;ilyTJAaknA;0
10;1234;2687027;KRUjpgIExZ;1
77;678;7960103;cGmJhClEkZ;0
20;1234;6160569;IIYrMvGNwA;0
20;1234;4267689;DFFitOgrQH;1
12;333;1832778;FBceQilxoF;0
12;1234;4549657;WoLGpaEOXS;0
12;333;1718266;GEAFkHqtiR;0
77;1234;3222030;EbCbvleaEm;0
12;145;1040966;UlBYEBqOsX;0
20;145;837259;dzZnuJziaq;1
77;678;3780720;wjAIduiIFd;0
77;1234;842531;iphYgMQToE;1
15;333;2581204;nmHAfXSsVp;1
20;789;921914;ZCgyeQGhnC;1
20;789;1105895;egQrsXegAc;0
12;678;208748;wExYdKcJtw;0
12;1234;5752325;BlsJGEtnHo;0
12;333;2209967;LWPdztmJJb;1
15;145;5805578;wRXhgKaFqS;1
15;145;4446925;rrUrATIhGV;1
77;333;6064785;lsmMDEfsMo;0
15;789;8979831;WxhNGCNtIK;1
10;789;2792164;IXLPvcIZAc;0
20;145;1643816;mcHnubqAyc;1
15;1234;4031273;beFGoHiwlI;0
10;789;7338266;CIglIZWwxH;1
12;678;5036986;oVUMhvbgkv;0
15;145;2174712;cVsoLWESui;1
20;678;3723393;lTsZjgBQqr;1
10;333;6877215;pwGUgbJZiH;1
12;678;4894845;LQXbZrYmEH;1
20;678;1865656;PHeNKdFdWN;1
15;145;3791955;kahQcVjcxh;1
15;789;4832132;dhrXYDMIMW;0
15;678;9904616;AYhobiVdpV;0
10;333;115799;AogDNnBTaX;1
12;1234;8274381;ndnFPoSyZF;0
20;1234;818602;CbPyBeMexz;1
77;789;5798566;LnyxJMHaLv;1
20;145;7394255;opSDqVHSxq;0
12;678;4694451;mJMIssEboa;1
77;333;696913;jINZqquXgB;0
20;1234;7932911;ZdqRaWTmXB;0
10;789;331387;DPsKGGUvqw;1
10;678;5903076;fXyOZvANac;1
10;333;5256575;WDZfAYGkhU;0
20;333;7405463;fbHtJSWzRU;0
12;789;4534876;cLpFREmFrl;1
15;333;7504587;BzkNqSBPKW;1
77;333;4608404;VhEqPjfYRM;1
77;145;9083867;LRWYNsTCvS;0
10;789;6317791;nTZrNETjBT;1
15;1234;7667196;LXweEpPSvX;1
12;678;4056515;pplUVkGVPJ;0
10;1234;3151456;ZXPzHVzdJX;1
12;1234;7713421;dWXsLFmIUj;1
10;333;5395883;UMQnidTXts;1
15;333;8905331;DwAwtFJoZc;1
20;1234;3542186;fdbgYBjYWc;0
10;333;8832356;zfrTJKtlwQ;0
20;789;2462710;UfwPdeodpe;1
15;678;2816009;FdYNvaxCnE;1
10;333;2352821;HCBDIlABrt;1
10;145;7538581;npkUoSQTym;1
20;789;166900;OKvaNKsWoJ;1
20;1234;4031762;pdOModFvOJ;1
15;789;45204;SsmGaYaIbi;1
12;333;4357532;iHygYqYkEc;0
12;789;8821858;eMqgsYEXuF;1
10;145;178238;ncGyighFQs;0
15;789;174604;ilrVZEgVEE;0
77;789;7865433;otvAVnQkNT;0
10;789;1958701;AQoMLekXtb;1
10;789;9938910;EKsKAQeMab;0
15;333;9139842;IDJYtmjWFQ;0
10;678;4405232;XMlnpLMLzD;1
15;333;4012392;AxxsFXbAJp;0
20;145;5280448;uMdPFptGZj;0
12;1234;4753458;cCwkIzoxSV;1
10;145;8598275;tXWKKmVfKE;1
20;145;6824475;GeUtmFgVYm;0
10;678;7899418;AkDGkAfsEn;1
15;145;592850;sgMEqglInM;1
77;1234;775985;PYvBvnXRZP;0
10;1234;7068866;pGxwYmIlTA;1
15;678;1247989;WDTemMwGKZ;0
10;789;9149940;TwajSIXVex;1
77;333;3483743;BQKaKQNowJ;0
12;333;3194367;ZdfGgHfWAh;1
77;1234;2926906;tbjGtlqNHH;1
12;1234;2669223;EIiUBaLkUd;1
15;789;9791382;BQqtjavvvx;1
10;678;7049624;nEHJPkZlIu;1
15;145;5986316;MQqZhbuCOZ;1
15;789;3694380;FHtuZnxWgo;0
10;678;9404419;rPSBuuEUfT;0
10;1234;3660474;POLhOnnggO;0
20;1234;5050302;hSfQOjHYcD;0
12;1234;4536177;QMoAtYSvQW;0
77;145;3321512;KGlZiEehQx;1
10;678;4376597;SSpoKdIafW;0
77;789;6752128;aPMafZdIpN;0
12;678;7533298;xVbqXjhpoo;0
77;145;8354229;KOsegecJGP;0
12;145;3862671;uJRyVHLkow;1
15;678;4433027;vOYtwifLsU;0
12;789;4112083;BSKPiTkJPd;0
12;145;2764902;aaBRuHqFEY;0
15;145;3205648;ZGEXlomkaW;1
20;145;9534824;IqKWHwLOKu;0
77;333;2905778;awNCvxbUcl;1
77;1234;7924231;WHJQBRGdpX;1
15;145;8750849;WBWbxlRDLD;1
20;678;344768;JCoqtSzwjL;1
77;1234;970839;gGCZnBJkUN;0
15;333;797456;xfklgQUvZg;0
77;1234;6250987;MyEOVvWmEk;1
20;1234;9818296;CwtnFLRfUG;1
10;333;4759746;bcLQTECkfE;1
10;789;6273058;ZPAkJlJcjg;0
10;678;9215141;blsLdcbFqt;1
77;333;2143370;rCPpntLpIp;1
20;789;3340625;GQaekQdsVM;1
77;789;8978807;saFuMoHPaT;1
12;1234;1468447;pCExUlZLLB;0
12;678;8926101;EEljKauUCu;1
77;145;4683069;dRxkDDYaZj;1
20;145;3639481;yQPxtRaObG;0
77;333;2802987;VpTPfReYHv;1
10;678;9474672;SjqVlgordP;1
20;333;170694;LzZRUWCMZr;0
12;1234;8703475;fXQlWGuJeO;0
12;678;4696911;uiHxcinqqZ;1
15;789;5367543;dzmXfdSwzm;1
15;333;9863778;nzsfTKKbbD;1
77;1234;9406571;vXHvtdcolL;0
77;1234;7861298;AqzLUyVDHi;1
10;333;8939187;JHGElkxZMO;1
15;1234;8238514;TQqFaxgNib;0
10;1234;6407757;OYsaugBUgp;1
20;678;2418023;mcwyQWoKob;1
77;333;8115873;KBSybjoYEU;1
10;789;2365906;lUWXoVvxeB;1
10;789;7860500;MJKlYvTNix;1
77;333;1513074;JPTFVXFxwk;1
15;789;4285536;xoDCHOpUId;1
15;678;2083331;DayqbqcFfQ;0
15;678;9009647;AojHzuYyCF;0
77;789;7143089;GEIehhyMXv;0
12;145;1070251;WcFyuUHexy;1
77;333;6107946;UjrUCXfajG;1
10;145;8974393;ntDPKjrBgS;0
15;333;2471314;UzyIhfNtcV;1
15;789;1676068;tXBNIwLsbj;1
15;333;8852069;FboSQDiick;1
